root@angela:/usr/local/go/goworkspace/src/algorithm# go run 01.go 
请输入物品数量：
6
请输入各个物品的重量：
4
6
2
2
5
1
请输入各个物品的价值：
8
10
6
3
7
2
请输入背包能承载的重量：
12
6 [4 6 2 2 5 1] [8 10 6 3 7 2] 12
0       0       0       8       8       8       8       8       8       8       8       8
0       0       0       8       8       10      10      10      10      18      18      18
0       6       6       8       8       14      14      16      16      18      18      24
0       6       6       9       9       14      14      17      17      19      19      24
0       6       6       9       9       14      14      17      17      19      21      24
2       6       8       9       11      14      16      17      19      19      21      24
